4294967279,438
4294967279,341
675,6
675,5
675,4
675,3
675,2
675,1
674,6
674,5
674,4
674,3
674,2
674,1
673,5
673,4
673,3
673,2
673,1
4294967278,296
672,7
672,6
672,5
672,4
672,3
672,2
672,1
671,13
671,12
671,11
671,10
671,9
671,8
671,7
671,6
671,5
671,4
671,3
671,2
671,1
4294967294,1443
4294967294,1440
4294967279,223
670,8
670,7
670,6
670,5
670,4
670,3
670,2
670,1
4294967278,287
669,6
669,5
4294967294,1448
669,4
669,3
669,2
669,1
668,4
668,3
668,2
668,1
667,4
667,3
667,2
667,1
666,6
666,5
666,4
666,3
666,2
666,1
665,5
665,4
665,3
665,2
665,1
4294967294,1460
4294967294,1432
4294967278,286
664,5
664,4
664,3
664,2
664,1
4294967294,492
663,6
663,5
663,4
663,3
663,2
663,1
662,5
662,4
662,3
662,2
662,1
4294967278,284
661,9
661,8
661,7
661,6
661,5
661,4
661,3
661,2
661,1
660,5
660,4
660,3
660,2
660,1
4294967278,277
659,6
659,5
659,4
659,3
659,2
659,1
4294967294,1439
4294967279,217
658,4
658,3
658,2
658,1
657,7
657,6
657,5
657,4
657,3
657,2
657,1
4294967294,491
4294967279,215
4294967278,274
656,6
656,5
656,4
656,3
656,2
656,1
4294967279,213
4294967278,273
655,6
655,5
655,4
655,3
655,2
655,1
654,6
654,5
654,4
654,3
654,2
654,1
4294967278,271
653,8
653,7
653,6
653,5
653,4
653,3
653,2
653,1
4294967278,270
4294967279,319
652,6
652,5
652,4
652,3
652,2
652,1
651,6
651,5
651,4
651,3
651,2
651,1
650,4
650,3
650,2
650,1
649,6
649,5
649,4
649,3
649,2
649,1
4294967294,915
4294967294,490
648,6
648,5
648,4
648,3
648,2
648,1
4294967278,268
647,8
647,7
647,6
647,5
647,4
647,3
647,2
647,1
4294967279,316
646,5
646,4
646,3
646,2
646,1
645,6
645,5
645,4
645,3
645,2
645,1
4294967294,1434
4294967294,1427
644,5
644,4
644,3
644,2
644,1
4294967294,489
4294967294,1444
643,5
643,4
643,3
643,2
643,1
642,4
642,3
642,2
642,1
641,10
641,9
641,8
641,7
641,6
641,5
641,4
641,3
641,2
641,1
640,6
640,5
640,4
640,3
640,2
640,1
639,7
639,6
639,5
639,4
639,3
639,2
639,1
4294967294,1453
638,8
638,7
638,6
638,5
638,4
638,3
638,2
638,1
4294967294,488
4294967278,265
637,6
637,5
637,4
637,3
637,2
637,1
4294967294,982
636,6
636,5
636,4
4294967279,314
636,3
636,2
636,1
4294967279,313
635,6
635,5
635,4
635,3
635,2
635,1
634,4
634,3
634,2
634,1
4294967278,264
4294967278,575
633,6
633,5
633,4
633,3
633,2
633,1
4294967278,574
4294967279,312
4294967278,572
4294967279,309
632,5
632,4
632,3
632,2
632,1
4294967294,487
4294967278,570
631,7
631,6
631,5
631,4
631,3
631,2
631,1
630,7
630,6
630,5
630,4
630,3
630,2
630,1
629,7
629,6
629,5
629,4
629,3
629,2
629,1
628,6
628,5
628,4
628,3
628,2
628,1
627,6
627,5
627,4
627,3
627,2
627,1
4294967279,308
626,6
626,5
626,4
626,3
626,2
626,1
625,5
625,4
625,3
625,2
625,1
624,4
624,3
624,2
624,1
4294967294,486
623,4
623,3
623,2
623,1
622,5
622,4
622,3
622,2
622,1
4294967294,1429
4294967294,485
621,4
621,3
621,2
621,1
4294967294,945
620,13
620,12
620,11
620,10
620,9
620,8
620,7
620,6
620,5
620,4
620,3
620,2
620,1
4294967294,484
4294967294,1445
4294967279,307
4294967279,306
619,25
619,24
619,20
619,23
619,22
619,14
4294967279,156
619,21
619,19
619,5
619,18
619,17
619,16
619,15
619,6
619,13
619,12
619,11
619,10
619,9
619,8
619,7
619,4
619,3
619,2
619,1
618,98
618,97
618,96
618,95
618,94
618,93
618,92
618,91
618,90
618,89
618,88
618,87
618,86
618,85
618,84
618,83
618,82
618,81
618,80
618,45
618,19
618,79
618,78
618,77
618,76
618,75
618,74
618,73
618,72
618,71
618,70
618,44
618,43
618,6
618,69
618,68
618,67
618,66
618,65
4294967279,147
618,64
618,42
618,41
618,40
618,39
618,38
618,37
618,36
618,35
618,34
618,33
618,32
618,31
618,30
618,29
618,28
618,27
618,26
618,25
618,24
618,20
618,23
618,22
618,21
618,5
618,18
618,17
618,16
618,15
618,14
618,13
618,12
618,11
618,10
618,9
618,8
618,7
618,4
618,3
618,2
618,1
617,5
617,4
617,3
617,2
617,1
4294967279,305
616,12
616,11
616,10
616,9
616,8
616,7
616,6
616,5
616,4
616,3
616,2
616,1
4294967279,304
4294967278,371
615,6
615,5
615,4
615,3
615,2
615,1
4294967294,1438
614,5
614,4
614,3
614,2
614,1
4294967294,483
613,5
613,4
613,3
613,2
613,1
612,6
612,5
612,4
612,3
612,2
612,1
611,8
611,7
611,6
611,5
611,4
611,3
611,2
611,1
610,7
610,6
610,5
610,4
